0.32341725790256515
0.37986366137039856
0.33108255014981847
0.13569978915270728
0.21845295617411406
0.20297365614134075
0.16783650388442414
0.18403736112969585
0.12937534531670034
0.17009381003198476
0.05760864154350272
-0.027606683794858585
0.05476244021384303
0.10169499223068419
0.15496064342823207
0.23743281343126138
0.3052700050370476
0.31847450749583534
0.3411909503387511
0.4383660871225476
0.4712839308659469
0.4792997525398774
0.5647230285660753
0.5839140018264749
0.5550239128081952
0.5738705347778814
0.5742358663155956
0.4854462595274838
0.45691816424282056
0.4166306438903995
0.41720062204674974
0.4569124676872406
0.47013040791883626
0.4935767986972527
0.37732896496226004
0.42236404481064166
0.42606368288151786
0.4569364579374027
0.4702202339198972
0.4906520749991335
0.5133701158364091
0.5591757581951715
0.5685500152278118
0.4749869732300523
0.39644183677235273
0.31943871615709957
0.4060141448377079
0.3590518950762217
0.44100303380917266
0.4234801920571404
0.3684363566904573
0.3839776392516731
0.3189964466023031
0.31941656782375905
0.3066308964010657
0.30308979626979854
0.3865834117190949
0.37777678074437365
0.4601486764363413
0.48615941525346895
0.5309540732721821
0.43427659123002027
0.408484281385851
0.3755276130151443
0.38983266553620854
0.38199183128176284
0.337773353732061
0.08437028731351802
0.019105372216258847
-0.006089585145281924
0.09123562680246652
0.04073604131382947
0.13487705507526349
0.13928182424236754
0.23856101272757552
0.17828388027914777
0.19190428628729767
0.3698841515717739
0.44988271220316983
0.44458446809133145
0.4704529829404706
0.49779366300288447
0.49093242929300723
0.47937444950694064
0.5453586466477082
0.6337062127779939
0.6163109644398137
0.7067644626526496
0.7482597052295628
0.8000833873271641
0.7739241640523837
0.814195140282433
0.6996673529636229
0.6706511181046424
0.4661806284955044
0.3986725210770474
0.3825882674062406
0.4052446068153287
0.4212249513124949
0.40413103316095195
0.3915370803892581
0.4125112765146559
0.42437559600460006
0.43581579876084525
0.5489466936960313
0.6141616632066201
0.652705904921149
0.6634101764705068
0.6786994614088153
0.611431718845773
0.685569891716522
0.6960266425937067
0.7090603146299977
0.5724462742659817
0.4551817578729055
0.35236279645263147
0.3192249035182961
0.26354102947012337
0.3375051650918143
0.3771577320874916
0.4132013826211588
0.24212538772116707
0.18809678491930937
0.2309309402275583
0.2500792707837854
0.2858702833786241
0.36151351957971206
0.39210542216763833
0.46901179165085616
0.5278968995191697
0.6554676753759152
0.8047907644432868
0.7971123010912445
0.8423727201783998
0.798958987683526
0.8219515172824884
0.5883274273188964
0.5517830541177079
0.5945494948959744
0.5089904977810081
0.5218750307045843
0.2161666409576507
0.12238234068322237
0.3131096549748666
0.5266923027441182
0.31395441996478046
0.46408855873499966
0.46803813313983755
0.46965508080848467
0.13443723074051556
-0.7518654814282516
-0.49957421515999667
-0.37956989362343
-0.3473031273546276
-0.4775278904946188
-0.5609595176985379
-0.5973496489058232
-0.44714788751181006
-0.4260649034319707
-0.4128248083342461
-0.693278046682704
-0.5401276789893394
-0.1501821181639215
-0.025705893769406508
0.038625771322857314
0.1095773978362246
0.20694010950852298
0.18532433703728549
0.2628223216088886
0.3311806822380375
0.37690539881442864
0.35990969758518937
0.3495283175271444
0.4709612700558144
0.5490334413302781
0.5481195576219092
0.5620097619946111
0.608044703388303
0.5117158487140426
0.5060267007920083
0.45158709481711357
0.6459779602853591
0.6710372086758606
0.4966883289305233
0.5229915714655253
0.47321674702209504
0.4986069775851688
0.46140500704501186
0.44874424257327566
0.34098280199994535
0.3594812018447622
0.4372879930932167
0.4305058429879713
0.37073139724349324
0.3713001898563692
0.26836540415792487
0.24090844525187977
0.22760408004366187
0.13174009422593974
0.21986101422795645
0.1356538427712911
0.1691876911440287
0.19238968103219392
0.12886165564542765
0.05011711150977863
0.10400929266102452
0.05797774325654059
0.08224336580884042
0.020829176246400603
-0.15517272456754552
-0.3752585851203803
-0.2771788819109168
-0.04297077926200361
0.06587856301641191
0.14411504583086063
0.1816436994348414
0.28348367115548484
0.31522595072873066
0.29967719235792967
0.30242722703715924
0.361043528497777
0.43284660337141856
0.25786651031968544
-0.14469678932866906
0.28098671484151505
0.3730130592272153
0.4605583638452541
0.6187970320674405
0.6007332798710957
0.4959568182782573
0.43302762031619263
0.21601307835671077
-0.11635488693126188
-0.04529285729424416
-0.1365532815990509
-0.1285044527268499
-0.051474494418697746
0.06451565562105038
0.04977169861208928
0.05057068635520749
0.15226539913506548
0.1989779667041691
0.08953831263871437
-0.13159303741280748
-0.2960562607693676
-0.3109710068664269
-0.24228666396166698
-0.07087793729945066
-0.07679475485140455
0.08524534729503436
0.21214560629024604
0.30185059571460504
0.22081702025254862
0.23686290931785436
0.047391323505940657
0.08468597750956311
0.095391202184942
0.22248362643747457
0.05186101502967685
0.07016583342951255
0.07836911192143457
0.2021295663441876
0.3144192390623439
0.28797282015454695
0.3233720678732516
0.4939721496072369
0.4543542304780097
0.39395923165563035
0.35283447166185156
0.2027976762160053
0.2689231305964971
0.2008083704325208
0.2219150677974876
0.20468736839844018
0.20654974849408556
0.1321826023914709
0.1931491240867895
0.13174107020281256
0.02454950544182887
-0.022418371032471917
0.04784377524039938
0.03311369552389447
0.029544400460109844
-0.041483248187510265
0.00042076606555395874
0.012234906526935502
0.03306255874768969
0.08064638055304582
0.05575565177745712
-0.04175703832486981
-0.06918231746493773
-0.04859046992291116
0.12072297162268703
0.29675367280878234
0.2701105522254681
0.272723300116871
0.2719478932357615
0.3680851680639773
0.40974099435975564
0.4901878650274167
0.3840241483289926
0.38917137716985606
0.1984759807443256
0.1303325083227211
-0.13662909881841004
-0.3473129940002519
-0.15643758511880856
-0.2908613626800284
-0.011413039454288182
-0.2019446425806638
-0.21557319074286452
-0.003345499869764894
0.07454375599849504
0.04743985583670871
0.06428475378334512
0.15590425488767115
0.17361059653552607
0.27162344026146346
0.3289439403729195
0.35205149762053317
0.19103730480311623
0.23343398172835936
0.3555879649217724
0.3689287526182323
0.5516368547272549
0.3799829470281083
-0.2191280411491366
0.06814817064687453
0.19121741823451102
-0.3331256120866472
0.05747009106709847
0.21986598180542372
0.22454952452481033
0.20315201072583158
0.09201872650745523
0.06202221504275497
0.08132592150284297
0.18990315005973601
0.20257703332041763
0.21192463216907384
0.20669967111606546
0.20297370331984282
0.35832605912053933
0.38152470118407406
0.29680972094185076
0.35008508877122163
0.31614805388561895
0.2757391821665243
0.2582578670870027
0.2621165626589079
0.17222459643012458
0.1951567819830317
0.21385369932136522
0.2799023646844325
0.3083050848166749
0.4077060457405801
0.4323267116755783
0.3823725957778905
0.40784016864160194
0.5737652569254228
0.6601414052759476
0.48660002049103473
0.46729440237014674
0.4817799698205448
0.5397711305084981
0.508276125421581
0.53531703909606
0.4738164749614872
0.3426226666598245
0.4229794836177648
0.6636716593092229
0.5739548382176829
0.5483393327627925
0.5426039249031869
0.573834466242866
0.6251943205069485
0.48232486209227315
0.536839709467533
0.6695679896313236
0.5690139123877268
0.416537864121027
0.4636385735875938
0.5242995842690967
0.5421976307461022
0.5939399337878615
0.4953160449485159
0.5080467019912557
0.6153142577936583
0.5872386960803676
0.5513589906344499
0.5390738354274707
0.49388050590428
0.5805460150673034
0.5567493393882365
0.5776200239416015
0.42896809754417725
0.40035230041770664
0.5103820009859715
0.5254477373171388
0.5129032196537796
0.41484148409044386
0.24218292948061376
0.3155546345574395
0.2579498766225349
0.3543904703628813
0.290389459662738
0.22325578394617854
0.14735656134672534
0.06996569900683051
-0.11527766981817691
-0.2689383883300278
-0.06615783629784226
0.10514256458614758
0.2893006827811772
0.2776487371613547
0.10438216604132508
0.10648972823756643
0.305936978758026
0.23982410503670917
0.060221392025391576
0.14496356598551366
0.3082709285164392
0.34578408332532456
0.13637164285518144
0.030571858376926764
-0.047842284554560535
-0.033798608941572564
0.11878658648806323
-0.22352295490898977
-0.3564542685115241
-0.4000716473565701
-0.40151252052403097
-0.38920989419717883
-0.1992045534027667
-0.014650274245583069
0.06724114400802163
0.06703591222554474
0.05029654105757907
-0.10938788446398971
-0.04037557032605344
0.11457078458611775
0.040633015344251476
-0.0076195150736718805
0.001138949317295212
0.1052371155381767
0.23927851686905893
0.2180316113480351
0.06473360762510484
0.029607623108740724
0.07341872730121311
0.13473082967041938
0.21548063760544908
0.15663898034056564
0.2985620389755274
0.3306501550848323
0.39734006742633554
0.40150815968208337
0.4486054555948536
0.46271196858533475
0.4876768961772552
0.2310953668984343
-0.015854265096584056
-0.04427427171494362
-0.00529523464761107
-0.02271335102526626
0.066803331814127
0.2472659975617006
0.15362512144669865
0.1896493204910521
0.09614251301820367
0.11109873868880797
-0.17232683876916602
-0.15765089837198426
-0.023706605144566413
0.13895667477770812
0.1977602458032373
-0.034353568067830145
-0.2637515129767902
-0.24382946247222942
-0.30859468585638794
-0.350032326094606
-0.18715365315570803
-0.31748079448679056
-0.5003159371819201
-0.25656467230818947
0.09886715026525833
0.22832133421610287
0.20629635073878197
0.1974947749833956
0.2409381765851629
0.25063764614111966
0.28371637163899527
0.5047145413487361
0.5737453529051596
0.5799944833322963
0.5897073464605588
0.5427230340895169
0.5585989955593862
0.36385626291380785
0.26062185362555323
0.23105695415479696
0.19006260658311777
-0.09903446528109014
-0.07041840011115269
-0.07658380459131443
0.08378680925193219
0.1635517051527138
0.018167785192162153
-6.148473207960262e-05
0.18601366617017906
0.23252238083596394
0.32883302878992793
0.4419220353572386
0.33151069966377517
0.3880652421195888
0.5043403568644347
0.6254747479345877
0.6814259429908357
0.6360429602736168
0.6409756837110436
0.5942871874349075
0.5825019794337033
0.5569832941695522
0.38647150475337794
0.1830024560596449
0.11974188689227118
0.26813906184767855
0.43015603350036624
0.18610247345078587
0.15934638510551757
0.18509726553166933
0.30945078360525685
0.38133989978367266
0.39373738976115324
0.05258674709529794
-0.3339400873324691
-0.08726040910141049
-0.15950782681764758
-0.1835429273344527
-0.24955833759003518
-0.4858339281809713
-0.11490956949657326
0.003868206612432383
0.023036202149685374
0.2081438120534544
0.43889796640586
0.4672246010996361
0.45833441535076347
0.526561454693577
0.5219972438167136
0.20142220352525275
0.2890744557077663
0.2974020561634944
0.2806737330936332
0.0546679683677536
-0.2639803858501506
-0.47975278170423574
-0.4265709529235264
-0.30007547712796023
-0.10091220138585684
0.002980838606596543
0.008133556058507466
-0.2531200823859162
-0.16048652012431652
0.07933605667436618
0.1496181060654727
0.30996087445128107
0.46090038468052347
0.2748739508598929
0.10202619199830276
0.031316420177628104
0.257012995310199
0.47813618764052795
0.3632000006272285
0.426042819623572
0.32462724543341037
0.435439309990362
0.32453003738708186
0.31075629369695573
0.27358049403656926
0.20137482817253352
-0.07289580799565183
-0.25339911469644855
-0.608716912910334
-0.4206687050997712
-0.1197542098889902
-0.026759558731579872
-0.2427796144714064
-0.2732598934966569
-0.05450335695257502
-0.26486218023972324
-0.49505133080258407
-0.359231355855059
-0.33593665785425475
-0.16625545312756562
0.07608814229818511
0.17791753122835707
0.20215927645971818
0.19970250785347993
0.11319838669015804
0.310198189974619
0.3577949318677509
0.47487709837475633
0.5042490784593554
0.3510719661483409
0.29905620481591755
0.0520058451856551
-0.16586239088112284
-0.0966747051209909
0.0007589477619006851
0.1338851141999063
0.13671549631945626
0.09382918989265429
-0.11992019708225943
-0.8277731851890544
-0.6368364474961069
-0.6081917026419769
-0.5903255884047798
-0.43334429638852645
-0.45700835615718854
-0.5962255452657798
-0.817364986322539
-0.5729744468411208
-0.3638639709272125
-0.27746711719475514
-0.40348979440580107
-0.39099424707176605
-0.4862646336009459
-0.5543162469690347
-0.5473686268169111
-0.39308052762782286
-0.3689010239464494
-0.47870952231680586
-0.5002516446758055
-0.5305496839586286
-0.22040847667409208
-0.05627543536521152
0.17595300690488527
0.34220407633220074
0.2985720623056421
0.27940820782515124
0.37003514026993584
0.18357453273127153
0.19919435598600535
0.016900569656806766
-0.41588111623811475
-0.7616258790450416
-0.5702403147867549
-0.5618833034593291
-0.41564071074725745
-0.32284087207025175
-0.2675851541461883
-0.2958297878544063
-0.353482664655302
-0.3548445907546986
-0.47909609024988264
-0.6387745490743122
-0.6324917386278891
-0.5550889333846801
-0.2785082831231246
-0.13104025637028005
0.061258209932281676
0.06506533040842417
0.07302541090634838
0.03607725965587984
0.10244227105835484
0.21687672645993994
0.31964543514902916
0.36964798051946185
0.41774414589219905
0.37337761926200186
0.33964953055897446
0.33445819821796985
0.23688507048717578
0.1584054959805855
0.180316454244611
0.23029357707321804
0.2519328783873028
0.13121542496735675
0.13149240543047408
0.22302081392480178
0.16172750834510383
0.16538416480362253
0.22209210385387756
0.15289575852569298
0.042109328982221104
-0.011355881658599083
-0.019720416820061037
0.027890493850368535
0.11019049610505911
0.2379804388305387
0.28756904128644256
0.15989327252039987
0.09924064702485594
-0.17467442364413047
0.13994484532407359
0.2517891121566872
0.34557327135334154
0.4295192034986915
0.3949268171538469
0.2437966222175326
0.1035786102857618
0.05424201800530515
-0.04858069849942156
0.017190191885791642
0.049581451995836474
0.10854842048224408
0.19067172069678395
0.23501696542655118
0.16829094044657128
0.21872682906736834
0.18420356737669508
0.14952871564247375
0.08130458305167713
0.10643229865490215
0.11287529707178998
0.21770370116336907
0.16412544410148316
0.09565865661599217
0.2140076063244316
0.317337929767365
0.30685890982309505
0.35473733623927556
0.3341014142733162
0.38827589276401375
0.37228167167411075
0.26750434110979815
0.3180056892801195
0.2686631629231839
0.1381537714559507
0.11650783374229792
0.10110544495549105
0.12185505135631892
0.14236306641257174
0.15585166404805495
0.13165281710945986
0.07267391210570612
0.02725005728979142
-0.02134544859395612
-0.06765340840607477
-0.0032640645379761555
-0.04788994148932736
0.10054441567844499
0.2386724338440698
0.36213077622955203
0.28888504459333386
0.07567799859563283
-0.17458175449255148
-0.07624784942255418
0.0445308361254881
0.1193794077836974
0.13158902431482983
0.11764837363501748
0.04144322694594218
-0.06479786240444968
-0.16329808827634515
-0.049675378127394136
0.15643187655819876
0.2261808554423713
0.29562792252003073
0.2780455049404257
0.23901081363599072
0.13752713173069125
0.12967945484039625
0.14514452603517702
0.1742948636674178
0.057027051130727605
-0.031399815006710366
-0.016536240031653042
0.02325805466170346
0.10889975925981328
0.1138567143246143
0.07711467569127982
0.11202156233748699
0.12195016178358663
-0.14630970063885865
-0.3111289154475407
-0.2577775388460766
0.009558863910144022
0.1514424614958423
0.22486500339006038
0.2914688580587857
0.2635684528393676
0.31993279079207576
0.22528658633893678
0.06280105500284526
-0.027404045381179094
0.026757873874468537
-0.12188418308615037
-0.41767136774311653
-0.38281567349838314
-0.2936727910939939
-0.1754711843072894
-0.2903675422772455
-0.49389660702633403
-0.34716740606094765
-0.4446683608322473
-0.47712094411227396
-0.13563174551344484
0.019599213477824947
0.22484240747683515
0.3221321126980783
0.3362406697637072
0.30119797739909254
0.1942817039424907
-0.003830185925495159
-0.0558232243702448
0.02936158207905333
0.08132104680173337
-0.018830000543084164
-0.22141563882066487
-0.24674024962833238
-0.03246813890160475
0.11071927170505066
0.22683344542503966
0.24368437705725096
0.2424517635069973
0.25704233762144296
0.36366134795710015
0.4151298364986028
0.40181477707860425
0.42021356225720974
0.4161632814962731
0.44295371634219816
0.4560876931069876
0.3416433653543936
0.33210583578329317
0.3337917423728837
0.38013513626944595
0.34696513825572434
0.32828831542142195
0.32833816988745146
0.3736250929382892
0.3437609700085237
0.3396869156023771
0.3823995746163646
0.3173809456086988
0.2563200568402048
0.28362727518302555
0.26625410963092067
0.2646219960864694
0.36305988488216967
0.40450477092755827
0.2175555850457829
0.09820838311211619
0.18583520766348077
-0.07093644237501075
-0.3470864847018545
-0.5934612849618648
-0.25676363466247554
-0.27359101469515745
-0.5145465433030054
-0.6017386644067577
-0.13162782022133615
0.0566769717450309
0.19799505335486275
0.2995814363261951
0.27819812284637796
0.3144688065504866
0.23337418643731647
0.1151873525956821
0.05907757545446773
0.09802614454531094
0.15069823096630242
0.11671861962307901
0.18214036505272937
0.0737939818007791
0.11678357423710661
0.19074670619874495
0.07346946130250583
-0.23196776868797825
-0.17809925214826236
0.07499340071771944
0.35957326925724276
0.3240977900910511
0.33593257123980025
0.34078824848386347
0.2372002334535532
-0.031416645628616145
0.02552165157919815
0.07809684345912152
-0.030059024970651074
0.04631833750007896
0.14940513411757061
0.1960248839979955
0.22041686092664642
0.27547456399305087
0.27460641944234987
0.32247065961193755
0.2749745417016534
0.28536500787066443
0.2790209137561716
0.29874663716028443
0.27202572588159335
0.21457268276274544
0.2243308879368344
0.2774927345905382
0.29689028973147485
-0.010870844190484088
-0.2906009280389231
-0.5163503382941843
-0.25620940165821177
-0.23755502108312052
0.044447622125888674
0.2086917789204313
0.338389630246882
0.3582730219022271
0.34376065709444287
0.33143521072931986
0.19008792687941659
0.1744406984408893
0.1942740188599673
0.09146728503782538
0.08655877308862604
0.00829668616395968
-0.14824918172230905
-0.3136622934716217
-0.24932039579591905
-0.06082861405471831
-0.002565166604176424
-0.0178575982263547
-0.22076173138794056
-0.410055620981816
-0.32442549761162864
-0.061812342081245676
0.036589976153798005
0.06514308120337467
-0.00842849256369019
-0.08230642525374486
-0.0405497266204913
0.03946865685887509
0.12397964802684737
0.1099926275812962
-0.07824099197705052
-0.06314747090575375
0.10477357686932748
0.12190010025591236
0.20125199753399023
0.07328590263731732
-0.0052896905937005485
-0.08801411284575285
-0.15437022633555855
-0.051000324477860584
0.0015502328804207347
0.06488650071154634
0.0018037016392783082
0.09681245310949713
0.07549580617797678
0.20997301408708696
0.3390187650040054
0.40373805151831926
0.4914928801114748
0.424769642658103
0.45176574185356283
0.38262276881743623
0.258499497866785
0.11460324291205223
0.08092244558703533
-0.03573904873148841
0.11883761955800681
0.1850195113043073
0.2280945002035464
0.2829858183798287
0.32678018258661895
0.2507261483114996
-0.012389779382990922
0.22272056264101356
-0.11430291349831743
-0.049134501071443494
-0.1469922232964573
-0.07913258792852754
-0.134389084167358
0.0752471607572471
0.12329824510086038
0.07659546002499368
-0.03631168671756969
-0.11969867646153871
-0.05398456720093299
-0.22027736618126187
-0.4265498897296455
-0.38101408102143247
-0.0764848711583443
0.11669999100415102
0.12393794144180195
0.1907079949691049
0.2551020258052871
0.32117045885819895
0.33338648476065935
0.24512983962296656
0.10714154606618832
0.0828110229785199
0.18149388162698143
0.19986766723020566
0.18202371850869073
-0.03699402831862515
0.020751398857717714
0.08961466861372905
0.21440374240163154
0.34380784629082234
0.2769032535366673
0.32721531136509374
0.33426015508503765
0.33413239737703576
0.3183913862949738
0.11643631975274925
0.09806705736133474
0.0658641060361162
0.18842606657343416
0.357552949229546
0.4204166038774473
0.35792012292576436
0.4288267107810507
0.4231981176674194
0.5190969094482579
0.5334586786292347
0.5670117698547327
0.591997092037367
0.5309671319921189
0.5882931947294361
0.6757448896185843
0.774568039864364
0.6400749169878398
0.5774841974530333
0.5034173617560894
0.3904210036517905
0.3550505566382564
0.347595103218332
0.35410568249697505
0.03062922147944145
-0.0470113759569004
0.06503102678838621
0.1576330997745072
0.2732388065393977
0.33246687788905077
0.33912278419510744
0.12508509450135336
-0.3640344886631383
-0.17792120672298697
-0.2210161216344582
-0.27925243427378077
-0.024898413853858603
0.21614531448397342
0.4165025086522311
0.5698284371819526
0.5845542556206899
0.43399110457552525
0.365455766964618
0.3362411189772117
0.35582639402867555
0.41834363069305197
0.4302242696967999
0.4882650351262124
0.42211376245734417
0.3365831731914106
0.31595967577464823
0.1014413793208226
0.2119210771887935
0.48849460761667274
0.4366858666333174
0.3470454803520988
0.39673055552444364
0.4396318555188575
0.45405451544583747
0.3639616284671445
0.2442959377757347
0.4751263123052051
0.634971796806225
0.5005697788625557
0.369683337118933
0.44097667319953043
0.5592365711496379
0.39895945985853876
0.42581591674711416
0.3813284598402293
0.25248343087113406
0.27794640848007607
0.2216727832004278
0.09254818015682174
0.04531804177095312
0.07155143814111624
0.16143722232824492
0.17781796372264552
0.018907789792510486
-0.17572240113616097
0.030541296656409707
0.2709328845997186
0.5168974905987244
0.5883993034877002
0.637053542253292
0.7089961794390089
0.6003324774715614
0.614082153296651
0.5187475643490862
0.5688539602080392
0.4854609620971075
0.6341310062661074
0.6450319742077575
0.4484551181393049
0.5222464642531154
0.5331389894136508
0.4853954217098519
0.49989086104397545
0.43222094330281013
0.64285288991527
0.6741626866372284
0.5598608897735968
0.38731196542592106
0.2072769497745784
0.10500514607742312
0.1386283483724178
0.11726337207921933
0.07815400807361504
0.11811081627975807
0.18429578924445605
0.2275307351133669
0.28536109850372265
0.22719130827594747
0.31298714794988597
0.3385895898528097
0.3019559301533519
0.39144679390976445
0.3507761329915911
0.4098493732262743
0.4039947576329355
0.4031342670529637
0.4150819199481745
0.36794050468873585
0.41748775943629635
0.2159831573687576
0.25202570339761154
0.05726398029706611
-0.018297427127003364
0.012642057714962742
0.13310209297856312
0.2505969226992498
0.514930255057116
0.5792578547620165
0.6560677894525127
0.7220394592767003
0.7113759075826142
0.8385687435669839
0.7783648977621612
0.7739560559680853
0.47720091363534384
0.5065424398162712
0.36773653073877516
0.39386268384795137
0.30653656467582613
0.47869807574052853
0.32126388449748855
0.04916801423776271
-0.24351381551333576
-0.06806824884850557
0.12097308348175373
0.184673080950391
0.2567575793086245
0.2933399114256466
0.2180938330227942
0.14446629381512419
0.13599713233853467
0.2095011175809234
0.19855132991983554
0.3516059652298333
0.5527224944672433
0.7963131386156564
0.8173201632559688
0.8258700096393705
0.8146103771756581
0.6380260088579512
0.5141299983973959
0.5197131945485846
0.45887411367834574
0.5091250934650005
0.5316385215632164
0.6158660915615398
0.6971498974457011
0.7520741581983472
0.7659104870451199
0.7849287530882626
0.7760081854128901
0.7324134614157889
0.7253602101140358
0.7239278733512088
0.7085902779209232
0.6332001325079782
0.5157308743542685
0.527456931767653
0.5758160373495027
0.3770389065168811
0.34853386345123244
0.32769979102456775
0.31156635240893843
0.20265420536106213
0.13671307680428801
0.1654982878944291
0.10492857359106678
0.13581058476508373
0.22653173463543372
0.3232961461843576
0.3276002565291931
0.25927249400577923
0.29349730505493193
0.3072037595526426
0.18333608797001336
0.10745148057087126
-0.06955500832088593
-0.06461224922458224
0.03231361534813017
0.25705734553252085
0.23731779711915296
0.20041694289419296
0.0617805283793427
-0.019121627869043225
0.07028508172604615
0.1463853760622538
0.2522138415608563
0.39670989366668746
0.3101246416735834
0.3209680317870432
0.2917545515766392
0.1875131962162276
0.17901387577001196
0.14709869135050999
0.3859511629849085
0.45293794821607836
0.46472011797610363
0.4593474172677825
0.5562569519015028
0.4324719196595762
0.5033884105246096
0.6119730257757566
0.6630270383710724
0.6763182063574071
0.6848505481828543
0.6794960142765814
0.6491436137332633
0.6076206027283226
0.47631739073137774
0.46479698278046017
0.47024641773268333
0.4047680231817449
0.2574875329870249
0.30213259482030924
-0.023645153336081925
-0.1275982992667156
-0.23566968757343576
-0.3098740141250804
-0.29562658270720893
-0.4533460671646718
-0.18680480153679282
0.2203276270423163
0.414945767513145
0.5144441404539095
0.5474828238158029
0.5811135495862693
0.6186465314305863
0.6558342320588891
0.6955950157228966
0.6993885066113861
0.6742434444517805
0.6219918056179401
0.5371897083814939
0.5716101333545566
0.5144720775303564
0.5230604340336271
0.5780987798560072
0.461507958385783
0.36933545527969697
0.24081952572331664
0.1839184391478738
0.22976323638154675
0.3204305154257625
0.3705343373479054
0.3958780284619643
0.481209303950082
0.4850539537628404
0.480631875723726
0.47703241200323887
0.4872145933987182
0.4418200319348923
-0.01948811078985661
-0.0006504286073868722
-0.05385897002318063
0.13632424583231903
0.0453225087710313
0.07513086481731715
0.09171014779675807
0.1259689149463863
-0.04333392722124983
0.09072196618126736
0.12555584445549042
0.050291427646589414
-0.17509148137052113
-0.2169611733058328
-0.4296939537394532
-0.37809323465887645
-0.4448895182433926
-0.5478814126418196
-0.6230973854872685
-0.6016415917346336
-0.6791340616863606
-0.3445418443794435
-0.14289356861222965
0.04708450480433813
-0.05946410621950511
-0.0627071010164316
-0.2039945456837594
-0.18038828618112676
-0.08706644871744645
-0.22604876800809903
-0.3394726432287453
-0.13171073046604187
0.021109317148244124
0.055297145969845
0.0008873063045424428
0.08090235122054718
0.0033881988919033787
-0.1705141925566941
-0.10424381222789417
-0.1703656258378262
-0.04266699787266985
0.0092898922646784
0.06777487743513551
0.043918139681350256
0.028533021074039665
0.12383072271179545
0.2791679627581846
0.3394637676886705
0.3037473934796803
0.2547882504064728
0.12280064355904702
-0.004385802454081722
0.07875508250136835
0.07802551463472064
-0.08531812176636842
-0.4095215296869189
-0.24891842485369634
-0.07671746722989885
0.04995663615344351
0.1271336352402462
0.17494528235032775
0.15941684989717186
0.08326599236617739
0.06567448097921916
0.14071918358682553
0.08281392170476977
-0.002546365339887316
0.08893298369267438
0.16667064431627424
0.07306699587972344
-0.0036200705154391054
-0.17370555891737946
-0.3667578024319031
-0.5378338769585551
-0.45389043473986856
-0.41951248034303973
-0.3187175750908523
-0.24712509213790337
-0.23597732530809917
-0.06366741858619261
0.03783193920556784
-0.042122990956165514
-0.02700232098549315
-0.14867777096438614
-0.12065642838895865
-0.17315589468937465
-0.031160885703205368
0.0323601908585079
-0.0849161793035191
0.003541569497185364
-0.13637234126976003
0.08304443147126168
0.18844587414296773
0.1077395081015852
0.13943505633383146
0.05150643631668765
-0.008325079254986862
-0.0829990135164225
-0.19226131260955842
-0.2591620570233219
-0.16105680222774443
-0.09187567555646886
-0.2017867361652612
-0.10403831147272721
-0.371903323584734
-0.42618585276816157
-0.4823335385457013
-0.24750558623169222
-0.09260828524658171
0.1294972994248547
0.23440769900253716
0.19716497673585973
-0.0019742344225543557
-0.24427489891791435
-1.1585479842154323
-1.2795108831423077
-0.9284251015921346
-0.8560658323502072
-0.7290675213587583
-0.5836545114025721
-0.5419502925455053
-0.5913930907615943
-0.539985125539222
-0.5672920015718217
-0.4487780777891092
-0.24718816538636676
-0.09351331360287748
-0.02156373455939526
-0.1144356435583834
-0.08017373351033712
-0.23660802822380986
-0.14425243811638525
-0.0776443228875275
-0.08875700449275317
-0.06771122068989462
-0.2689234432175825
-0.8899276617349103
-0.8733611034599079
-0.7675068915558385
-0.6647459412223105
-0.5606958635825127
-0.39712170251957096
-0.3804719228099802
-0.3178939802059321
-0.3337200130318515
-0.26803995831062816
-0.2010190413692816
-0.09562980268917753
-0.12798621265756846
-0.34125484696475894
-0.4670265101954359
-0.5391330587930061
-0.348339304305937
-0.28433616906275005
-0.3541438502883023
-0.3879937452144134
-0.4390132185156138
-0.5311412670199622
-0.6704042419886806
-0.5823049557685472
-0.42750998542559604
-0.4130055787633035
-0.553179560294262
-0.5920892752361353
-0.4455179672823299
-0.33392876908205993
-0.19117101521709914
-0.3095790148949085
-0.4000496149049391
-0.04688221846768385
0.028519303709771068
0.0934273814320671
0.19757056576713475
0.08304006108507585
0.16353103641677044
0.254953338056065
0.1791246805763798
0.22299583937191017
0.31103977267583005
0.34548687012925067
0.3905182171191675
0.4695090802215356
0.4562591657414503
0.38955985082936867
0.382668055878033
0.22597362313408922
0.18083135057950311
0.09654738036402594
0.21338488879719275
0.18985860640026272
0.18327012599725542
0.2528610682322036
0.3235436703143947
0.32916370441430864
0.2549003456572565
0.21967043034067815
0.10355454232476187
0.08436129314430268
0.2559748914599323
0.22459859162966367
0.209566014029568
0.15257914483162033
0.191441862359659
0.2545834562900517
0.2646847400317951
0.26694691818155236
0.26676933510698186
0.26960801850191507
0.2746105919281995
0.30296465048455423
0.3605082180901333
0.3645491662273077
0.3550691847696443
0.22894134418918274
-0.010467322666996015
-0.1512459964851301
-0.1036281045874552
-0.10432163083167452
-0.0038770725194158455
0.008038455335346811
0.012715002416869054
0.0402387250152013
0.18087711622448444
0.17674493080867876
0.3588560439097004
0.35826771034822097
0.33240745961857765
0.40520064100051706
0.3929092822430808
0.20395139386022546
0.24534380875017547
0.3449755916555412
0.3276321821686698
0.20290624122968268
0.20931132073647568
0.12148206944102838
0.03758901079817275
0.11045652537636311
0.194541469228926
0.14966104299556113
0.10555820687950432
0.1395830628382675
0.06573153609855437
0.0905593715613497
0.29011826623019055
0.29004033051572276
0.37040393196980087
0.42850184112315487
0.3545939628578534
0.26846626168179744
0.0478668056019975
0.026580932095276445
0.12990085200577567
0.2583313999601847
0.3390802296232816
0.3777184316549225
0.330324443060238
0.3003126765294297
0.2883693427653225
0.42130860640997364
0.4833740623687933
0.4215530130614921
0.322501248289206
0.10539048294182408
-0.16854887539028035
-0.3401486496883168
-0.12691884465740927
0.12628885784090052
0.28343778160389804
0.10463987789070768
-0.3989747642667814
-1.0527697794874589
-0.8455593070395273
-0.6355053483725227
-0.5489877836463575
-0.4037652437690323
-0.40880172493861017
-0.36876203446897476
-0.3333669692271416
-0.3149334743424464
-0.2638981267789826
-0.19214291044609738
-0.1354865181154466
0.007945655098093913
-0.037281701652805324
0.0116124531613049
0.06955948975109262
0.11609666455784952
0.1778244515461932
0.23557223555315382
0.2836078845960622
0.2584798786165076
0.09196077275063781
0.010806483827777293
0.04147361747077291
-0.21232626034169072
-0.36811224614903904
-0.5966867257756566
-1.0820922022755153
-0.7329859269965369
-0.5000518810973527
-0.2615914542554277
-0.1717912827262235
-0.10089019189807481
-0.06255909343858958
-0.04459411518526086
-0.057681165778995534
-0.01073736932352251
-0.051096719531449925
-0.00030608796928076955
-0.05107412345044069
-0.16619219875583227
-0.40431571252014276
-0.5069482932927756
-0.49649911702322885
-0.4430649619861491
-0.3642508008882992
-0.26494069707677
-0.2091203688482718
-0.2788282174886341
-0.4079587697166995
-0.29611307323388864
-0.22763840849340208
0.011821250551805246
0.05388679081633525
-0.008395447029630724
-0.08006184023133045
-0.1744952799066591
-0.2434577514835085
-0.2448426337246137
-0.13277682672719063
-0.07245575988424875
-0.012695867498667825
-0.08313454851081022
-0.15879352681474443
-0.0638635225924584
0.13140167063729727
0.23827998100829492
0.24464958560401356
0.2672632259551343
0.29136219845180455
0.3743006907775712
0.36020318964166653
0.4787379244088552
0.4689567225027592
0.46453106282210627
0.4902251762373627
0.5051617023147946
0.4774084140415703
0.4705458941391736
0.4899647907327338
0.5470048406254964
0.5631477993031321
0.652449733743888
0.7054526459034758
0.7069893744256203
0.6471735046519579
0.7378480028083348
0.6768434440428294
0.5417555212598538
0.506678949473036
0.4516876591258744
0.4777383466180784
0.4758010071170311
0.47546701702958494
0.46107023173208345
0.581299837455337
0.6569115109332785
0.5333257353934248
0.32737855450124703
-0.049098599139179425
-1.0867185543930065
-0.867642073324591
-1.0168903945725523
-0.43793371706494993
-0.18358393540296936
-0.09314094115424479
-0.06716073455064961
-0.030183125375984443
0.012249118751996456
0.05981219236748239
-0.037110367475993354
-0.1032149009294932
-0.1732308948735225
-0.19387610615691525
-0.12938826846350773
-0.04227546585541573
-0.08118459340004704
-0.32492528180237373
-0.20272380687274202
0.0028205767804505787
0.08476354635481442
0.14939264632613622
0.1408585241770986
0.142764660994222
0.28835821203855155
0.3329497324975467
0.4868547509030181
0.47941446869574045
0.41848332303267605
0.38322591778100495
0.4829654933670186
0.48420058356151363
0.4504249810466676
0.34533514690834594
0.32684871259787823
0.411667174754634
0.42235813618480234
0.4476191764139033
0.5077970044558008
0.5805112773194366
0.5466507218969671
0.5692300299876024
0.5842850697824757
0.4447429786143008
0.5240136163221051
0.47119464596694505
0.15291043814836425
-0.03413603232978601
-0.08657768498320575
0.06339377359251831
0.07221968500353976
0.1577902850135924
0.20828913111370723
0.22124725147283472
0.29151509162177136
0.2787585462547744
0.3366550424200953
0.4305451116368024
0.4220489908731825
0.31605053915364084
0.2378511988425343
0.11763861531766096
-0.016818939806144247
-0.04326017014717989
-0.6514706642144659
-0.6070518442808102
-0.23682003128393286
-0.6653726374768162
-0.882922316233201
-0.6159005022957228
-0.5734907657298756
-0.7603431361458066
-0.9878488302979966
-0.792518586835026
-0.6690773673017837
-0.46113648583704353
-0.1882308485043092
-0.07469456958263417
-0.09836631970047759
-0.17269285538943327
-0.1881181664137965
-0.08675684941182296
-0.013024677142152814
0.16280705656309166
0.3188118557900615
0.3512770062040521
0.45183778545179604
0.3928388776389052
0.3669425493087933
0.2880899356553933
0.2685580813679465
0.12463144524307741
0.22281508995091817
0.15296835314500717
0.07805918032481331
0.1465845135409297
0.22003552474345484
0.429277660213354
0.44504239232389237
0.5361426097711581
0.48486936539062886
0.4625687260383151
0.38677439612692066
0.35391697061955674
0.1884597997716749
0.2588895638221433
0.13084164059571057
-0.255150198442441
-0.17373818836004942
-0.28561680937830686
-0.5892472637881664
-0.4274716875105099
-0.3057014130813688
-0.2549915807409704
-0.7164688768888045
-0.4303869893816526
-0.43934093965722115
-0.5137176525932093
-0.1763053171945659
0.00836584360329529
0.0108439973574969
-0.006223619138704113
-0.09993550164437935
-0.15950899755926526
-0.03465791728222988
-0.02443342330301906
-0.15018517508880228
-0.39400331427727586
-0.34775607009303716
-0.4935311424984311
-0.4184616601491099
-0.7144303203035662
-0.5361317093894098
-0.603004798446661
-0.5211327268261154
-0.1275860177862895
0.22023120682302688
0.34190476521485436
0.3733059691560356
0.36160103832483553
0.26779161291507886
0.14294163509852628
-0.050032562357037756
-0.07775466672874397
0.11575440980129967
0.29860056930164114
0.3898250555340813
0.13440192490222935
0.07488919878034249
0.10421405263924059
0.26761621332562163
0.36605889218691207
0.38214001588514734
0.44192784814336206
0.4599393081501949
0.4108199286899861
0.4269933472223756
0.47211668657696776
0.4165431507073584
0.3763782369539623
0.39744576622992767
0.2553529490917476
0.21897076638452775
0.2950662173631342
0.4594480464149445
0.4161010029763986
0.17398914125043258
-0.4904685423183717
-0.845041653643074
-0.6147479154869842
-0.6082952083104851
-0.16490208880613494
-0.10565520577207328
-0.09775941985262573
-0.24556923853701082
-0.3124594281784033
-0.3013816055868424
-0.3006370419548711
-0.14978902441138114
0.005564267572921255
0.07408124267998968
0.027200784844201933
0.04017951953775488
0.07078867813408012
0.12305688524195361
0.03830998830424701
-0.09271187955188888
-0.1405908816187898
-0.3323368495329131
-0.343542631527317
-0.4054642542340787
-0.28950756518593473
-0.4575439444387461
-0.222680572835281
-0.014837577757164511
0.17500096625007527
0.0892768854700627
0.08352811339579527
0.05938842293284876
-0.006756142039117998
0.05074713470053808
0.11356504505201666
-0.01219435972457086
-0.11152541936036674
-0.2173607184218199
-0.18434772699104546
-0.23446624297146942
-0.37908192389216744
-0.28485169532038995
-0.1752850658405324
-0.0757541301797513
0.08682572035666743
0.3404077147065202
0.3151584328312621
0.24054077724821718
0.03460695151841066
0.04604804838517176
0.09187466235287627
0.050198641448117365
-0.15153532786402887
-0.07588587083500818
-0.06446211345120605
-0.07995389057265907
0.08842703632797946
0.06464046444945132
-0.0042190328385623005
-0.3204958114742053
-0.6804325844070479
-0.7221123141776752
-0.4355749696074635
-0.35251715695362734
-0.7246604983330556
-0.5725053655555301
-0.4258157926870125
-0.32832726638501053
-0.19846569930691385
-0.13866009071128807
-0.18444182530623324
-0.17481768849840126
-0.03249415401436972
-0.0003249194201116679
0.007487775513144243
-0.01073500306767112
-0.005142008598859868
-0.046903153382011085
-0.04829738658132585
-0.04801758689683847
-0.11573510174905459
-0.060508243889507346
-0.07811742370201796
0.009484575309854705
-0.04425166514870798
-0.09868858438438145
-0.02071118581780081
0.04672515322365969
0.1920839766286833
0.25896742325828026
0.4024776173776112
0.4307889146639414
0.37364603662712664
0.21402944671204946
-0.06092743626185077
-0.06556140211088878
-0.035008763351185586
0.029085645259244567
0.09002796359253887
0.07955187558593398
0.02708436416785677
0.03800249255632089
-0.7894841316751239
-1.0857606840338276
-1.045080433694955
-1.0140614620139745
-0.8838967818653614
